4294967278,132
4294967278,131
4294967278,128
4294967278,125
4294967278,120
4294967278,119
4294967278,116
4294967278,113
4294967278,109
4294967278,101
4294967278,95
4294967278,93
346,4
4294967278,231
4294967278,344
4294967279,317
4294967278,90
4294967278,87
4294967278,85
4294967278,133
4294967278,241
4294967278,83
4294967278,78
4294967278,71
4294967278,69
4294967278,68
4294967278,62
4294967278,57
4294967278,55
4294967278,54
4294967278,53
4294967278,52
4294967278,51
4294967278,50
4294967278,48
4294967278,47
4294967278,44
4294967278,43
4294967278,35
4294967278,32
4294967278,31
4294967278,38
4294967279,316
4294967279,315
4294967279,278
4294967279,366
4294967278,363
4294967278,27
4294967278,26
4294967278,243
4294967278,24
4294967278,21
4294967278,17
4294967278,8
4294967278,5
4294967278,140
4294967279,306
4294967279,280
4294967279,130
4294967279,127
4294967279,124
4294967279,121
4294967279,118
4294967279,110
4294967279,277
4294967279,87
4294967279,78
4294967279,77
4294967279,418
4294967279,49
4294967279,37
4294967279,28
4294967279,16
4294967278,134
4294967279,19
4294967279,7
4294967278,346
4294967279,208
4294967278,202
4294967279,4
4294967278,229
4294967279,176
4294967279,422
4294967278,171
4294967278,117
4294967278,111
4294967278,108
4294967278,138
4294967279,305
4294967279,303
4294967279,210
4294967278,186
4294967278,99
4294967278,135
4294967278,221
4294967278,327
4294967279,98
4294967279,209
4294967278,206
4294967278,182
4294967279,419
4294967278,176
4294967278,319
4294967279,300
4294967279,421
4294967278,92
4294967279,184
4294967279,89
4294967278,318
46,4
4294967278,333
4294967279,299
4294967278,357
4294967278,179
4294967278,223
4294967278,80
4294967279,80
4294967279,399
196,2
4294967279,276
4294967279,410
4294967278,551
4294967278,74
4294967279,75
4294967279,67
4294967278,310
4294967278,320
4294967278,309
4294967278,308
4294967278,184
4294967279,294
4294967278,307
4294967278,2
4294967278,88
4294967278,306
4294967278,515
4294967279,371
4294967278,181
4294967279,181
4294967278,65
4294967278,59
4294967279,68
4294967279,65
4294967278,305
4294967279,292
4294967278,304
4294967279,289
4294967279,288
4294967279,285
4294967278,168
4294967278,556
4294967279,321
4294967294,1407
293,2
4294967279,283
4294967279,414
4294967278,303
4294967278,300
4294967278,295
4294967278,160
4294967279,282
4294967279,352
4294967278,291
4294967278,317
4294967279,281
4294967279,348
4294967279,403
4294967278,549
4294967279,415
4294967278,151
4294967278,573
4294967294,1369
4294967279,404
4294967279,257
140,2
4294967279,416
4294967278,290
4294967279,380
4294967294,1558
139,2
4294967279,379
4294967279,378
4294967278,288
4294967279,133
4294967278,547
4294967278,283
4294967278,282
261,2
4294967278,29
264,2
327,7
327,5
138,65
138,0
138,64
138,127
138,38
138,37
138,36
138,35
138,34
138,33
138,32
138,31
138,30
138,29
138,28
138,27
138,26
138,25
138,24
138,23
138,22
138,21
138,20
138,19
138,18
138,17
138,16
138,15
138,14
138,13
138,12
138,11
138,10
138,9
138,8
138,1
138,7
143,20
143,0
143,19
143,18
143,17
143,16
143,15
143,14
143,13
143,12
143,11
143,10
143,9
143,8
143,1
143,7
143,2
143,6
143,4
143,5
268,12
268,0
293,7
293,8
293,6
293,5
293,4
268,11
268,10
268,9
268,8
226,1
226,7
226,0
357,11
357,0
357,10
357,9
357,1
357,8
357,2
4294967279,391
357,7
357,6
357,4
357,5
142,11
142,0
142,10
142,9
142,8
190,2
142,6
140,9
140,8
140,7
140,5
140,4
140,6
139,9
139,8
139,7
139,5
139,4
139,6
148,7
148,4
4294967278,335
4294967279,301
268,6
268,1
268,7
268,5
268,2
268,4
298,7
4294967294,508
264,4
264,5
4294967294,1546
226,5
175,8
175,0
175,1
175,7
175,2
4294967278,328
500,7
500,0
500,6
499,7
499,0
499,6
195,2
189,2
129,18
129,0
129,1
129,17
175,6
188,2
187,2
190,4
197,2
429,13
429,0
429,12
175,5
4294967294,1512
4294967278,311
4294967294,1515
4294967278,345
4294967279,394
4294967294,1389
189,4
194,4
4294967294,1386
4294967294,1379
183,4
187,4
128,2
126,6
188,5
188,4
195,4
196,4
197,4
4294967294,5
176,8
176,0
176,1
176,7
176,2
176,6
176,4
176,5
4294967294,1511
4294967278,552
342,12
342,0
342,1
342,11
342,2
129,2
342,8
342,7
342,6
342,4
342,5
133,7
133,6
133,5
128,8
184,9
184,0
184,1
184,8
184,2
131,2
4294967294,1554
4294967279,376
4294967279,375
4294967279,374
4,2
184,7
184,6
184,5
184,4
4294967294,489
129,14
129,13
129,12
129,11
129,10
129,7
129,5
129,4
129,6
448,7
448,0
448,6
132,2
4294967294,1532
130,7
130,8
174,18
174,0
174,17
174,16
174,15
174,14
174,13
174,12
174,11
174,10
174,9
174,8
174,6
174,1
174,7
174,2
174,4
174,5
4294967294,1498
4294967278,178
4294967294,1359
4,19
4,17
4,16
4,14
4,5
4,6
131,8
4,12
4,10
4,9
4,20
4,18
4,15
4,13
4,11
4,8
4,7
4294967279,408
333,6
333,5
333,2
333,4
132,8
132,6
132,5
3,22
3,9
3,34
3,18
3,19
3,15
3,33
3,17
3,16
3,35
3,2
225,6
4294967294,498
2,5
46,0
261,4
250,4
4294967294,1368
286,14
286,13
286,12
286,11
286,10
286,9
286,7
286,6
286,8
286,5
286,4
4294967294,1005
283,4
4294967294,1403
321,4
304,4
4294967294,478
4294967294,1105
4294967294,1104
4294967294,1092
4294967294,1018
4294967294,1015
4294967294,1010
4294967294,1008
4294967294,1007
4294967294,185
4294967294,176
4294967294,170
4294967294,162
229,4
46,5
4294967294,496
4294967294,1102
4294967278,129
4294967278,123
4294967278,122
4294967278,104
4294967278,98
4294967278,89
4294967278,82
4294967278,79
4294967278,76
4294967278,49
4294967278,41
4294967278,40
4294967294,1594
4294967294,84
513,4
513,3
513,2
513,1
4294967279,373
4294967294,1549
4294967294,419
512,4
512,3
512,2
512,1
4294967279,372
511,6
511,5
511,4
511,3
511,2
511,1
4294967294,1590
4294967294,1569
510,4
510,3
510,2
510,1
4294967294,1517
4294967278,278
4294967279,18
4294967279,405
4294967279,370
4294967294,1373
4294967279,369
4294967278,14
509,6
4294967278,277
509,5
509,4
509,3
509,2
509,1
508,5
508,4
508,3
508,2
508,1
4294967278,258
4294967278,257
507,4
507,3
507,2
507,1
4294967294,1516
506,4
506,3
506,2
506,1
505,4
4294967279,309
505,3
505,2
505,1
4294967294,1624
504,6
504,5
504,4
504,3
504,2
504,1
4294967294,1551
4294967294,1384
4294967294,1179
4294967294,482
4294967294,506
4294967294,448
4294967294,1477
4294967279,249
4294967279,384
503,7
503,6
503,5
503,4
503,3
503,2
503,1
4294967279,411
4294967294,1510
4294967278,272
502,13
4294967294,1507
4294967278,334
4294967279,364
502,12
4294967278,107
4294967278,256
4294967278,331
4294967278,137
4294967294,1367
4294967294,1362
4294967294,1020
4294967278,105
4294967279,368
502,11
4294967294,1503
502,10
4294967294,1539
4294967294,1016
4294967294,450
4294967294,416
4294967294,1509
4294967279,361
4294967278,575
4294967278,96
4294967278,527
502,9
4294967279,382
4294967294,1623
502,8
502,7
502,6
502,5
502,4
502,3
502,2
502,1
4294967279,381
4294967279,350
4294967278,574
4294967278,86
4294967278,198
501,7
4294967279,358
501,6
501,5
501,4
501,3
501,2
501,1
500,5
500,4
500,3
500,2
500,1
4294967294,1622
499,5
499,4
499,3
499,2
499,1
4294967279,367
4294967294,1562
4294967294,1561
4294967294,1496
4294967294,1382
4294967294,392
4294967294,389
4294967279,406
498,14
4294967294,1573
4294967278,571
498,13
4294967294,1568
4294967278,570
4294967279,360
4294967278,563
498,12
4294967294,1383
4294967279,401
4294967279,359
498,11
4294967278,313
4294967294,1002
4294967294,1152
4294967294,396
4294967294,1357
4294967294,399
4294967294,1178
4294967294,179
4294967294,407
4294967294,168
4294967294,384
4294967294,420
4294967294,453
4294967294,483
4294967294,493
4294967294,1505
4294967278,312
498,10
4294967278,169
498,9
498,8
498,7
498,6
498,5
498,4
4294967278,166
498,3
498,2
498,1
4294967278,165
497,5
497,4
497,3
497,2
497,1
4294967278,159
4294967278,568
496,5
4294967278,158
496,4
496,3
496,2
496,1
4294967278,156
4294967294,1621
4294967278,155
495,4
495,3
495,2
495,1
4294967279,340
4294967278,215
494,6
494,5
494,4
494,3
494,2
494,1
493,5
493,4
493,3
493,2
493,1
4294967294,387
4294967279,139
492,6
492,5
492,4
492,3
492,2
492,1
4294967278,567
4294967278,566
4294967279,362
4294967278,564
4294967279,304
4294967279,337
491,6
491,5
491,4
491,3
491,2
491,1
4294967279,402
4294967294,1017
4294967279,13
490,6
490,5
4294967279,264
490,4
490,3
490,2
490,1
4294967279,263
4294967278,6
4294967279,258
489,6
489,5
489,4
489,3
489,2
489,1
4294967279,134
4294967278,572
488,6
488,5
488,4
488,3
488,2
488,1
4294967294,1488
4294967279,248
487,6
4294967294,1620
487,5
487,4
487,3
487,2
487,1
4294967278,110
4294967294,1619
4294967278,330
4294967278,316
486,6
486,5
486,4
486,3
486,2
486,1
485,6
485,5
485,4
485,3
485,2
485,1
4294967294,1487
4294967278,213
484,6
4294967278,210
484,5
484,4
484,3
484,2
484,1
4294967279,223
4294967278,207
483,6
483,5
483,4
483,3
483,2
483,1
4294967278,204
482,6
482,5
482,4
482,3
482,2
482,1
4294967294,1486
4294967278,526
481,6
4294967278,195
481,5
481,4
481,3
481,2
481,1
4294967278,569
4294967279,193
4294967278,190
4294967278,77
4294967279,420
4294967279,409
4294967278,189
4294967294,1570
4294967278,73
480,6
480,5
480,4
480,3
480,2
480,1
4294967278,565
4294967278,180
4294967278,539
4294967278,175
479,6
4294967294,1618
4294967278,173
479,5
479,4
479,3
479,2
479,1
4294967278,537
4294967278,56
4294967279,291
4294967279,233
478,7
4294967278,164
4294967294,440
4294967294,1542
4294967294,437
4294967294,1405
4294967294,1567
4294967278,554
4294967278,561
478,6
4294967294,1617
4294967278,163
478,5
478,4
478,3
478,2
478,1
4294967278,519
4294967279,330
4294967278,157
477,7
4294967279,407
4294967278,550
477,6
4294967278,152
477,5
477,4
477,3
477,2
477,1
4294967278,529
4294967279,151
4294967294,36
4294967294,39
4294967278,150
4294967279,150
4294967278,149
4294967279,149
476,4
476,3
476,2
476,1
475,4
475,3
475,2
475,1
4294967294,1485
4294967278,339
4294967279,324
4294967279,390
474,7
4294967278,341
474,6
4294967279,355
474,5
474,4
474,3
474,2
474,1
4294967278,18
4294967278,287
